A301
A234
5678
A301
A234
A301
A234
5678
A234
A234
A301
5678
A234
5678
A234
A234
5678
A234
A301
A234
5678
A234
A301
5678
A301
1#
1#
1
1
456
1
45
1
1
2
1
12
1
1
1
1
1
1
1
1
2
1
1
1
12
1
285
1
1
1
1
1
C225
8
1
1
2
1
1
22
1
1
C22
1
1
2
4
2
1
12
12
1
1
4423
8414
1
1
5BC4
3
2
7189
A4C2
35C1
1
1
1
7B19
4423
1
1
4423
4454
4423
12
1
*
2
1
485
*
*1
1
*
*
1
4423
1
*
1
8414
4423
1
1
8414
5BC4
1
7185
7185
1
4423
1
8414
5BC4
7185
A4C2
1
4423
1
4423
1
8414
1
5BC4
1
4423
1
4423
1
4423
8414
5BC4
155
7185
1
4423
8414
5BC4
